id,uid,time
1,1,1589886424
2,1,1589886444
3,1,1589886680
4,1,1589889527
5,1,1589889655
6,1,1589958641
7,1,1589958689
8,1,1589959631
9,1,1589960753
10,1,1589961181
10,1,1589961212
10,1,1589961221
10,1,1589961953
10,1,1589963219
10,1,1589963237
10,1,1589963545
10,1,1589963827
10,1,1589963927
10,2,1589963937
10,2,1589963940
10,2,1589963953
10,2,1589963961
10,2,1589963978
10,1,1589964140
10,2,1589964144
10,1,1589965022
10,5,1589965097
10,5,1589965099
10,5,1589965159
10,2,1589967834
10,2,1589967925
10,2,1589968009
10,1,1589968122
10,2,1589968225
10,1,1589968281
10,1,1589968283
10,2,1589968313
10,2,1589968477
10,1,1589968483
10,3,1589968503
10,4,1589968509
10,2,1589968517
10,5,1589968526
10,6,1589968532
10,1,1589968634
10,2,1589968642
10,4,1589968650
10,5,1589968655
10,6,1589968659
10,1,1589970154
10,2,1589970185
10,2,1589970204
10,1,1589970247
10,2,1589970260
10,2,1589970289
10,2,1589970328
10,2,1589970425
10,2,1589970488
10,5,1589970516
10,3,1589970992
10,3,1589971047
10,3,1589971124
10,3,1589971217
10,4,1589971289
10,4,1589971386
10,4,1589971432
10,5,1589971444
10,6,1589971478
10,4,1589971536
10,4,1589971585
10,5,1589971611
10,6,1589971615
10,5,1589971848
10,2,1589971860
10,6,1589971880
10,6,1589971929
10,6,1589972032
10,6,1589972125
10,6,1589972257
10,1,1589972487
10,1,1589972587
10,1,1589972623
10,1,1589972655
10,1,1589972750
10,1,1589972798
10,6,1589972809
10,2,1589972815
10,1,1589972820
10,1,1589987477
10,2,1589987495
10,3,1589987551
10,1,1589987591
10,1,1590412190
10,1,1590424002
10,1,1590485201
10,1,1590485240
10,1,1590489450
10,1,1590492702
10,1,1590495360
10,1,1590502635
10,1,1590568923
10,3,1590575105
10,1,1590575170
10,1,1590579314
10,1,1590579720
10,1,1590818424
10,1,1590847644
10,1,1590847887
10,6,1590893655
10,3,1590911812
10,4,1590911901
10,5,1590911907
10,2,1590912474
10,3,1590912485
10,5,1590912567
10,6,1590912630
10,3,1590912683
10,2,1590912728
10,4,1590912938
10,1,1590912999
10,1,1591002604
10,3,1591002703
10,1,1591013410
10,1,1591015910
10,1,1592240711
10,1,1592243449
10,1,1592245964
10,2,1592245986
10,1,1592246491
10,1,1592248474
10,1,1592248710
10,2,1592248801
10,1,1592248819
10,1,1624203277
